10	121580918	rs35054928	2E-322
16	52565276	rs4784227	7E-201
11	69516650	rs78540526	2E-131
5	56757708	rs62355901	3E-98
2	217056046	rs4442975	1E-95
20	5967581	rs16991615	2E-89
19	55322296	rs11668344	6E-85
5	44706396	rs10941679	6E-73
5	56964779	rs6890270	5E-67
8	127359926	rs10096351	2E-64
3	27290919	rs60936670	8E-64
12	28021884	rs7297051	3E-60
6	151634779	rs60954078	3E-54
9	108123199	rs630965	3E-54
1	121538815	rs11249433	2E-52
10	62540131	rs10995201	2E-51
3	156689208	rs7651446	6E-51
9	16915023	rs3814113	6E-50
5	44933883	rs138060088	9E-43
14	68513118	rs11624333	7E-42
12	95633983	rs17356907	1E-39
12	96027759	chr12:96027759	1E-39
12	115835798	chr12:115835798	2E-39
12	115398717	rs1292011	4E-39
11	1877434	rs1973765	1E-37
22	28684743	rs62235681	2E-37
19	17290595	rs67397200	3E-37
10	79092621	rs1268974	4E-36
22	28156710	rs62237573	7E-36
5	1279675	rs10069690	2E-35
22	40508704	rs66987842	3E-35
5	176951573	rs365132	1E-33
21	15202135	rs2403907	2E-32
5	158803005	rs11135046	5E-31
1	121121848	rs369304377	2E-29
17	55132413	rs2787486	6E-29
19	18422832	rs7258465	3E-28
8	75393550	rs72658071	3E-28
17	37741642	rs12601991	7E-28
22	27918624	rs62235635	1E-27
16	80614399	rs7500067	4E-27
1	120018691	rs372562666	6E-27
6	152115881	rs2747652	1E-26
9	107541528	rs60037937	1E-26
4	174906885	rs7697216	2E-26
2	217427435	rs11693806	3E-26
9	21964904	rs3057314	7E-25
22	29155884	rs132289	1E-24
8	36988591	rs7816345	2E-23
1	204549714	rs4245739	3E-23
16	53769311	rs62048402	4E-23
4	83452469	rs4693089	9E-23
8	38123069	rs2720044	7E-22
14	36667340	rs7149262	2E-21
8	29652100	rs9693444	2E-21
1	38914713	rs4246511	5E-21
8	128531703	rs10088218	1E-20
1	10535965	rs2506889	2E-20
2	120481784	rs4848599	2E-20
19	43779080	rs1685191	4E-20
10	21744013	rs7072776	2E-19
10	22108073	rs72810771	2E-19
12	56752285	rs2277339	2E-19
15	89335895	rs1054875	2E-19
6	10895027	rs6899676	2E-19
12	28347382	chr12:28347382	3E-19
2	171084508	rs930036	3E-19
3	46846708	rs56387622	5E-19
5	45333758	rs55821517	5E-19
3	4686890	rs6787391	9E-19
22	40143521	rs12483853	1E-18
2	201258707	rs3769821	4E-18
18	26923543	rs2307561	8E-18
13	32866927	chr13:32866927	1E-16
4	184827652	rs6856693	1E-16
7	140242504	rs11977670	1E-16
13	60539605	rs4886238	3E-16
1	111873741	rs2788612	6E-16
19	55809297	rs12461110	8E-16
15	90965985	rs77554484	1E-15
16	11923062	rs10852344	1E-15
1	18480845	rs2992756	2E-15
12	52918828	rs73110464	2E-15
2	27493627	rs704795	2E-15
12	28569325	chr12:28569325	3E-15
13	32398489	rs11571833	3E-15
3	141394028	rs34207738	3E-15
12	14260997	rs12422552	4E-15
3	169810661	rs10936601	4E-15
17	48334138	rs9303542	5E-15
5	44302075	rs13186320	5E-15
6	31761582	rs707938	7E-15
16	54648152	rs28539243	9E-15
10	113368732	rs12250948	1E-14
1	149934520	rs11205303	1E-14
9	116551207	rs1895062	1E-14
11	129591121	rs11822830	2E-14
1	241870961	rs72755295	2E-14
14	68214759	rs1744947	2E-14
3	30643415	rs17838698	2E-14
8	128192016	rs7017073	2E-14
8	75626598	rs200255906	2E-14
11	69227030	rs7931342	4E-14
10	113017911	rs10885405	5E-14
6	81545215	rs9361840	7E-14
11	30204981	rs11031006	9E-14
2	176177905	rs2072590	9E-14
2	212432139	rs13393577	9E-14
17	28283487	rs9901901	1E-13
22	38172826	rs738321	1E-13
6	13713134	rs418053	1E-13
11	65601650	chr11:65601650	2E-13
14	91422581	rs150658557	2E-13
17	46710944	rs183211	2E-13
18	45308832	rs9952980	2E-13
22	38483935	rs763121	2E-13
18	44831838	rs9954058	3E-13
5	159008453	rs11288072	3E-13
10	22383039	rs72814839	4E-13
11	108474789	rs11374964	4E-13
1	201468704	rs35383942	4E-13
5	82217129	rs146817970	4E-13
7	130989722	rs68056147	5E-13
7	94484487	rs17268829	5E-13
4	38814717	rs6815814	6E-13
5	45846518	rs72765759	6E-13
8	123597926	rs58847541	6E-13
17	44252468	chr17:44252468	7E-13
17	46175102	rs2532263	7E-13
10	121795069	rs111605422	9E-13
14	93112310	chr14:93112310	9E-13
11	803017	rs6597981	1E-12
2	19111157	rs11684853	1E-12
5	46394269	rs142427110	1E-12
10	121334478	rs11462858	2E-12
11	65815595	rs3903072	2E-12
22	29457633	rs185004002	2E-12
1	202218048	rs6678914	3E-12
12	21168436	rs10841753	3E-12
2	24906604	rs6725517	3E-12
3	63956021	rs3821902	3E-12
6	130027974	rs6569648	3E-12
6	149287738	rs9485372	4E-12
7	144351809	rs62485509	4E-12
17	43658516	chr17:43658516	5E-12
22	39359355	chr22:39359355	5E-12
7	101909160	rs71559437	5E-12
18	32397726	rs117618124	6E-12
19	19434887	rs2965183	6E-12
2	172108243	rs2016394	6E-12
5	81972251	rs111549985	6E-12
17	45941122	rs62061734	8E-12
5	91493653	rs332529	9E-12
1	37616450	rs12039431	1E-11
5	16233510	rs4702131	1E-11
5	50899260	rs35951924	1E-11
1	113903258	rs7513707	2E-11
21	14992435	rs2822999	2E-11
4	105147856	rs62331150	2E-11
5	176529176	rs2241584	2E-11
8	116197325	rs13267382	2E-11
2	47790942	rs1800932	3E-11
5	46090449	rs72755643	3E-11
7	92022865	rs10644111	3E-11
14	92637727	rs11627032	4E-11
1	155176305	rs4971059	5E-11
12	130319789	rs12824058	6E-11
10	62303692	rs35419901	8E-11
17	43093449	rs1799949	8E-11
8	105346392	rs12546444	8E-11
1	180993146	rs1411478	1E-10
1	203832121	rs59867004	1E-10
15	40979249	rs9796	1E-10
17	79797749	rs8082452	1E-10
10	9046151	rs67958007	2E-10
1	117687599	rs7529522	2E-10
1	155587180	rs12091730	2E-10
14	20465456	rs1713460	2E-10
19	950694	rs349306	2E-10
20	62917850	rs13040088	2E-10
3	172567447	rs58058861	2E-10
4	74554070	rs10034692	2E-10
5	58365353	chr5:58365353	2E-10
12	29140260	chr12:29140260	3E-10
20	50329374	rs6122906	3E-10
2	217858732	rs6436017	3E-10
6	20621007	rs2223621	3E-10
8	81741409	rs11782652	3E-10
1	113630788	rs1230666	4E-10
12	102618116	rs703556	4E-10
17	30884649	rs7223535	4E-10
2	173340858	rs200725404	4E-10
22	29714557	rs140091	4E-10
2	9995553	rs113577745	4E-10
6	26680470	rs71557345	4E-10
1	1351675	rs186507655	5E-10
13	73383544	rs6562760	5E-10
3	100004736	rs9833888	5E-10
5	170164483	rs4562056	5E-10
1	145790097	rs12405132	6E-10
20	62658391	rs2236553	6E-10
5	50345811	rs72749841	7E-10
6	31557671	rs2230365	8E-10
6	26993501	rs34546498	9E-10
11	125389528	rs2059614	1E-9
12	115108361	chr12:115108361	1E-9
3	86988393	rs13066793	1E-9
4	125922349	rs77528541	1E-9
6	27457865	rs34196306	1E-9
6	28364364	rs13214023	1E-9
7	92243559	rs35522438	1E-9
10	122041907	rs2253762	2E-9
10	62822722	rs61865900	2E-9
12	123115539	rs1727326	2E-9
17	39676451	rs2941505	2E-9
17	5428576	rs8070740	2E-9
19	13047463	rs78269692	2E-9
2	152100897	rs3820706	2E-9
22	41061455	rs141447235	2E-9
22	41642782	rs73161324	2E-9
2	28897867	rs4577244	2E-9
4	84370124	chr4:84370124	2E-9
4	88322666	rs10022462	2E-9
6	26175638	rs17598658	2E-9
6	26463346	rs13195401	2E-9
6	80384570	rs12207986	2E-9
11	32520238	rs10734411	3E-9
20	34131991	rs11907546	3E-9
2	201502866	rs77688320	3E-9
3	183906222	rs16858210	3E-9
5	123118610	rs186749	3E-9
6	28106103	rs34662244	3E-9
1	217047232	rs11117758	4E-9
19	45679775	rs71338792	4E-9
2	171513371	rs11680449	4E-9
5	111882089	rs6882649	4E-9
5	344994	rs116095464	4E-9
5	49484480	chr5:49484480	4E-9
5	59041654	rs1353747	4E-9
5	6745762	rs427394	4E-9
7	28317270	rs17156577	4E-9
17	42684371	rs72826962	5E-9
3	99682866	rs11298677	5E-9
6	27873148	rs45509595	5E-9
6	29280372	rs3130834	5E-9
8	60716842	rs10957156	5E-9
10	76397814	rs10509373	6E-9
5	32567626	rs2012709	6E-9
8	101466731	rs514192	6E-9
8	220692	rs66823261	6E-9
1	213850882	rs4342822	7E-9
1	46281629	rs12142240	7E-9
19	11313027	rs322144	7E-9
19	29786822	rs113701136	7E-9
3	27608457	rs56138756	7E-9
6	1318643	rs11242675	7E-9
16	87051631	rs4496150	8E-9
5	133071366	rs6596100	8E-9
6	28594471	rs34119086	8E-9
1	40914768	rs4233486	9E-9
9	126634155	rs10760444	9E-9
12	114430333	rs1265507	1E-8
16	4056787	rs11076805	1E-8
16	58942687	rs8044477	1E-8
17	42426015	rs138672638	1E-8
18	27821241	rs36194942	1E-8
19	13843757	rs2594714	1E-8
22	41323244	rs73176670	1E-8
2	24516826	rs200648189	1E-8
2	25222417	rs113953597	1E-8
9	136151579	chr9:136151579	1E-8
10	63089177	rs12765365	2E-8
1	22141722	rs3820282	2E-8
14	104745925	rs10623258	2E-8
1	51001425	rs56168262	2E-8
17	44759766	chr17:44759766	2E-8
17	45394123	rs4763	2E-8
18	26576054	rs7240205	2E-8
1	87691240	rs17426269	2E-8
2	162922103	rs148760487	2E-8
2	226362236	rs12479355	2E-8
22	45887417	rs28512361	2E-8
4	119028805	rs17329882	2E-8
5	172507488	rs11738223	2E-8
6	16399326	rs3819405	2E-8
7	21901342	rs7971	2E-8
9	33012384	rs4879656	2E-8
11	103813371	rs148883465	3E-8
12	84615658	rs202049448	3E-8
12	85009437	chr12:85009437	3E-8
16	35263654	rs12599106	3E-8
16	9111506	rs9039	3E-8
17	29230520	chr17:29230520	3E-8
22	30051113	rs188460188	3E-8
4	105435604	rs77928427	3E-8
6	111276855	rs12196873	3E-8
6	127279485	rs2180341	3E-8
8	97269961	rs1864729	3E-8
10	5727864	rs10905065	4E-8
10	93532431	rs140936696	4E-8
12	120394343	rs206966	4E-8
12	120771390	rs551087	4E-8
1	41671640	rs79724016	4E-8
1	50380361	rs140850326	4E-8
16	56387075	rs2432539	4E-8
1	87313534	rs12118297	4E-8
1	87963341	rs11583393	4E-8
19	22324903	rs7259376	4E-8
2	111168161	rs71801447	4E-8
1	119716347	rs666930	5E-8
21	34738904	rs16992204	5E-8
3	71482962	rs6805189	5E-8
5	76143375	rs6453204	5E-8
6	28958443	rs9257408	5E-8
6	29509637	rs1233480	5E-8
8	80146584	rs7828135	5E-8
10	107620506	rs10884482	6E-8
11	117199645	rs74949440	6E-8
12	111826477	chr12:111826477	6E-8
17	68904663	rs36059695	6E-8
6	32699696	rs147527678	6E-8
8	23801998	rs310291	6E-8
1	213369363	rs17020562	7E-8
18	42517419	chr18:42517419	7E-8
17	30560116	rs111780165	8E-8
17	50196930	rs2075555	8E-8
17	72408954	rs11652463	8E-8
5	132304843	rs6860806	8E-8
1	145339358	rs368121891	9E-8
12	111600134	chr12:111600134	9E-8
15	74843920	rs6938	9E-8
2	69207095	rs12474538	9E-8
3	150750021	rs6788895	9E-8
4	16501144	rs55756123	9E-8
6	36676721	rs3829964	9E-8
6	43259403	rs111342015	9E-8
10	119567672	rs9421352	1E-7
10	13865236	rs10906522	1E-7
1	210816167	rs11119608	1E-7
12	26293692	rs11836164	1E-7
12	57484602	chr12:57484602	1E-7
13	32601963	rs113855064	1E-7
1	45833328	chr1:45833328	1E-7
14	62501677	rs4902141	1E-7
15	75516399	rs8027365	1E-7
16	10609831	rs12918713	1E-7
1	7857016	rs707475	1E-7
19	14774988	rs57712673	1E-7
19	19684649	rs72396995	1E-7
20	53671071	rs12481286	1E-7
2	200849597	rs5837757	1E-7
2	79716982	rs13025833	1E-7
2	85478554	rs11688246	1E-7
5	43891334	rs35029702	1E-7
5	58680596	chr5:58680596	1E-7
6	30365728	rs3094054	1E-7
7	103251337	rs6946892	1E-7
7	98397243	rs79518236	1E-7
10	22681806	rs370356098	2E-7
1	109680280	rs5776993	2E-7
11	111742493	chr11:111742493	2E-7
1	168127440	rs60504827	2E-7
1	207903511	rs2724379	2E-7
12	128297477	rs11059635	2E-7
12	57282235	chr12:57282235	2E-7
1	45548288	rs144366570	2E-7
16	54107655	rs56077980	2E-7
2	123261223	rs1519277	2E-7
22	27215781	rs147512482	2E-7
3	16737360	rs1375631	2E-7
3	169043635	rs75316749	2E-7
6	25710343	rs68006638	2E-7
6	30107326	rs2523992	2E-7
7	102478605	rs369574511	2E-7
7	158170200	rs117114682	2E-7
8	25974262	rs13256025	2E-7
8	74567389	rs13260300	2E-7
9	104094512	rs4742903	2E-7
10	51918266	rs1937680	3E-7
10	54444531	rs7476422	3E-7
10	63349742	rs35632171	3E-7
1	100414772	rs612683	3E-7
11	44347927	rs3853291	3E-7
11	66301747	rs1783730	3E-7
11	68164294	rs4930561	3E-7
1	33463157	rs12565140	3E-7
14	32127443	rs140783387	3E-7
15	100366889	rs181337095	3E-7
15	79777420	rs166870	3E-7
1	80445429	rs12118390	3E-7
5	123338869	rs75887402	3E-7
5	2777197	rs7709328	3E-7
6	122394099	rs74392007	3E-7
6	166087862	rs113289039	3E-7
6	170017397	rs6940159	3E-7
6	21905495	rs9350395	3E-7
6	31347004	rs115392158	3E-7
7	25529928	rs289997	3E-7
7	36899717	rs59964204	3E-7
10	53506471	rs10825036	4E-7
1	118488075	rs10923574	4E-7
12	116347863	chr12:116347863	4E-7
15	37206970	rs184531260	4E-7
16	74438798	rs10871290	4E-7
16	82612728	rs3844412	4E-7
21	46360308	rs9808759	4E-7
22	44080184	rs130318	4E-7
2	69945455	rs6756513	4E-7
4	48056416	rs199501877	4E-7
5	56361879	rs7378815	4E-7
9	8545593	rs76007978	4E-7
1	17380437	rs1924553	5E-7
11	9686139	chr11:9686139	5E-7
19	12846836	rs117758012	5E-7
22	40779964	chr22:40779964	5E-7
3	130947635	chr3:130947635	5E-7
3	47364189	rs146331761	5E-7
4	91717049	rs9884765	5E-7
4	94694618	rs4699587	5E-7
5	164462274	rs6556756	5E-7
7	102824804	rs57237364	5E-7
7	94758031	rs10269006	5E-7
10	38338906	rs2754412	6E-7
10	44539224	rs7072122	6E-7
10	86667452	rs34346910	6E-7
11	123393934	rs1943466	6E-7
11	129360950	rs7102494	6E-7
1	147548685	rs594206	6E-7
12	94289428	rs4761470	6E-7
17	71440368	rs11651604	6E-7
19	51942133	rs8113308	6E-7
2	236525150	rs114971217	6E-7
4	88058377	rs2725207	6E-7
5	14071948	rs163818	6E-7
5	97740844	rs10515260	6E-7
9	119096829	rs10117876	6E-7
9	35758581	rs10814275	6E-7
10	121042949	rs748476	7E-7
1	149642707	rs200087884	7E-7
1	156183252	rs11264454	7E-7
12	69124241	chr12:69124241	7E-7
12	73596057	rs1154865	7E-7
14	67599772	rs7149859	7E-7
15	77977130	rs12906542	7E-7
15	85919621	rs4262906	7E-7
16	71918418	rs71695136	7E-7
18	23047728	rs9675999	7E-7
20	19772894	rs4814894	7E-7
2	67654625	rs9712235	7E-7
5	101043689	rs575018	7E-7
8	142925688	rs6988985	7E-7
10	8346355	rs7075481	8E-7
11	113863660	rs71063528	8E-7
14	94329847	rs61280460	8E-7
17	17835546	rs187408367	8E-7
4	187503860	chr4:187503860	8E-7
5	52482315	chr5:52482315	8E-7
6	151859461	rs78796841	8E-7
6	29882943	rs1611579	8E-7
8	115667320	rs13277568	8E-7
8	120102785	rs1519814	8E-7
8	130991174	rs73348588	8E-7
8	80887958	rs6473252	8E-7
9	13942941	rs77457752	8E-7
10	38105004	rs143072280	9E-7
10	8655165	rs74433033	9E-7
12	49251457	rs11168936	9E-7
22	42745087	rs4820477	9E-7
10	130453365	rs117649165	1E-6
10	38856846	rs11146838	1E-6
10	92388574	rs2771267	1E-6
11	116897884	rs201462698	1E-6
11	126160720	rs10501858	1E-6
1	118111143	rs1962373	1E-6
11	62126500	rs7937840	1E-6
12	28928139	chr12:28928139	1E-6
12	29489004	chr12:29489004	1E-6
13	30740318	rs3885907	1E-6
14	70423423	rs12586722	1E-6
14	77005236	rs9323635	1E-6
1	65049850	rs478665	1E-6
17	82597601	rs62079673	1E-6
1	84156830	rs903263	1E-6
18	55997051	rs1978503	1E-6
19	43484866	rs66849333	1E-6
20	11016263	rs6104691	1E-6
20	50826118	rs6020772	1E-6
20	8723905	rs6077414	1E-6
2	101413184	rs12620464	1E-6
21	40331020	rs727333	1E-6
21	41672041	rs2838088	1E-6
2	189440322	rs75116627	1E-6
22	30509501	rs187201341	1E-6
22	38798063	rs9619765	1E-6
2	44478476	rs698813	1E-6
2	52284656	rs17042688	1E-6
3	156927968	rs7637701	1E-6
3	182133496	rs16832889	1E-6
3	28290744	rs73822569	1E-6
3	48024338	rs145407011	1E-6
4	1983006	rs16342	1E-6
4	53046426	rs12506630	1E-6
5	43263364	chr5:43263364	1E-6
5	51555704	rs76375990	1E-6
5	53298177	rs12189522	1E-6
5	91979496	rs421379	1E-6
6	20923044	rs9460578	1E-6
6	22957508	rs4305714	1E-6
6	30576624	rs3132610	1E-6
6	6751826	rs1294438	1E-6
7	90874752	rs10953024	1E-6
8	19828398	rs7017697	1E-6
10	100170652	rs11595238	2E-6
10	117502854	rs2901157	2E-6
10	11806793	rs12358475	2E-6
10	67640136	rs186036693	2E-6
11	15309178	rs5789877	2E-6
11	18403271	chr11:18403271	2E-6
11	442473	rs11410354	2E-6
11	66569918	rs11344495	2E-6
1	172361919	rs1894633	2E-6
11	86477110	rs1870323	2E-6
12	103097070	chr12:103097070	2E-6
12	112610714	chr12:112610714	2E-6
1	27405147	rs11548323	2E-6
12	83063443	chr12:83063443	2E-6
12	9228263	rs10771431	2E-6
13	59379332	rs12585963	2E-6
13	95222702	rs1926657	2E-6
14	100851974	rs2295389	2E-6
14	78743396	rs112056657	2E-6
15	50402109	rs4774565	2E-6
15	67115961	rs151090251	2E-6
1	70421416	rs672203	2E-6
17	41094871	rs150537328	2E-6
17	82946434	rs898097	2E-6
18	64663607	rs72942597	2E-6
18	7807950	rs16952550	2E-6
2	119755557	rs13401620	2E-6
21	43733825	rs142471995	2E-6
2	188005044	rs116183959	2E-6
2	236277682	rs1453308	2E-6
22	43072659	rs28599928	2E-6
3	190056667	rs9882792	2E-6
3	194004541	rs724767	2E-6
3	48311089	rs71281886	2E-6
3	60777523	rs11919041	2E-6
4	106507402	chr4:106507402	2E-6
4	17386536	rs77485526	2E-6
4	18864546	rs6845621	2E-6
5	10467590	rs1092913	2E-6
5	142290274	rs10051199	2E-6
5	67683422	rs6449898	2E-6
5	68315658	rs184886	2E-6
6	19443704	rs16882214	2E-6
6	4445101	rs145711907	2E-6
7	102160260	rs411624	2E-6
7	28828469	rs77702473	2E-6
7	78285026	rs798336	2E-6
7	86844997	rs1989796	2E-6
8	10403043	rs1962073	2E-6
8	127677080	rs7833090	2E-6
8	17926905	rs11779988	2E-6
8	36450915	rs113687142	2E-6
8	75988094	rs12682248	2E-6
8	80641622	rs113410521	2E-6
8	9932039	rs11786541	2E-6
9	106914612	rs1858231	2E-6
9	123933491	rs10818894	2E-6
9	133463535	rs3124765	2E-6
9	2203938	rs6475600	2E-6
10	102125800	rs10883710	3E-6
10	27189785	rs71386921	3E-6
10	51695802	rs14168	3E-6
10	92172529	rs72807246	3E-6
11	10299114	rs4345958	3E-6
11	27063657	rs11354714	3E-6
1	177930963	rs575908	3E-6
1	201915824	rs2819348	3E-6
1	21023194	chr1:21023194	3E-6
12	112840766	chr12:112840766	3E-6
13	92929538	rs9523848	3E-6
14	51819674	rs35072154	3E-6
16	71475893	rs8050871	3E-6
16	81924693	rs7192724	3E-6
17	2195889	rs16952006	3E-6
17	34662519	rs11654964	3E-6
17	59769155	rs61495451	3E-6
17	81397410	rs8074440	3E-6
20	64247978	rs6062356	3E-6
2	11895429	rs6432241	3E-6
2	18308590	rs75282989	3E-6
22	44323082	rs201681753	3E-6
2	60408219	rs72001329	3E-6
3	127231283	rs4234284	3E-6
3	29287529	rs9832625	3E-6
3	34938860	rs6789440	3E-6
6	157009956	rs140842923	3E-6
6	7231610	rs9379084	3E-6
7	46905209	rs2190016	3E-6
7	67594280	rs10263639	3E-6
8	100298199	rs35748790	3E-6
8	22634616	rs6558174	3E-6
9	32455676	rs1133071	3E-6
9	5956008	rs10975370	3E-6
10	113678604	rs369832192	4E-6
10	81950055	rs76340606	4E-6
1	164720525	rs1387389	4E-6
11	9906964	rs117698693	4E-6
12	31952412	chr12:31952412	4E-6
12	57848639	chr12:57848639	4E-6
13	42941618	rs11383827	4E-6
13	50521772	rs9562987	4E-6
13	91903032	rs3029748	4E-6
14	102882582	rs368131309	4E-6
14	35130485	rs58327846	4E-6
14	38968140	rs147032157	4E-6
14	87829256	rs4322600	4E-6
15	46737708	rs16958536	4E-6
15	51261712	rs17601876	4E-6
15	61410580	rs3884558	4E-6
16	56871774	rs11646723	4E-6
16	79190071	rs55986698	4E-6
17	18094293	rs140494697	4E-6
18	13110432	rs58685532	4E-6
18	60214129	rs2045438	4E-6
18	63178058	rs4940575	4E-6
1	91555907	rs12134245	4E-6
20	35933106	rs201177249	4E-6
21	17368480	rs11700530	4E-6
2	119990995	rs11685222	4E-6
2	41931164	rs17029056	4E-6
3	62747691	rs580384	4E-6
4	36590617	rs77198337	4E-6
4	86302033	rs11284646	4E-6
5	128227188	rs36715	4E-6
5	52083172	rs116464256	4E-6
6	54862053	rs924712	4E-6
6	6550516	rs17142289	4E-6
7	12721416	rs7810893	4E-6
7	55125270	rs12718945	4E-6
7	8512984	rs765855	4E-6
8	117869627	rs10103490	4E-6
8	5017650	rs10112481	4E-6
9	19457614	rs67500807	4E-6
9	7195019	rs112332509	4E-6
9	95606163	rs2405064	4E-6
10	21230606	rs116478824	5E-6
10	23061174	rs3858207	5E-6
1	108114736	rs33960734	5E-6
1	186763038	rs56160832	5E-6
14	89418757	rs141061110	5E-6
16	50499690	rs140035696	5E-6
1	8326670	rs9628987	5E-6
18	69220817	rs17080623	5E-6
1	94615889	rs4474258	5E-6
20	53956293	rs375506010	5E-6
2	11561717	rs113084984	5E-6
2	59272212	rs10490113	5E-6
3	119542528	rs7648642	5E-6
3	172363569	rs12152414	5E-6
3	177768082	rs7430456	5E-6
4	67215843	rs62315512	5E-6
5	22642425	rs66783663	5E-6
5	86881956	rs2471042	5E-6
6	143412439	rs2496589	5E-6
6	50202617	chr6:50202617	5E-6
7	74696373	rs74910854	5E-6
8	141530825	rs7837045	5E-6
9	95008323	rs7862618	5E-6
10	37101682	rs1200921	6E-6
10	67248381	rs141448180	6E-6
10	74943248	rs10466033	6E-6
10	79295869	rs12355688	6E-6
1	101579551	chr1:101579551	6E-6
11	47325389	rs11039183	6E-6
1	168545508	chr1:168545508	6E-6
11	96198321	rs479825	6E-6
13	107031171	rs148731571	6E-6
13	35957411	rs34065801	6E-6
1	42592453	rs113319441	6E-6
14	35412105	chr14:35412105	6E-6
15	48608389	rs1876206	6E-6
15	86218049	chr15:86218049	6E-6
16	73405456	rs9934948	6E-6
16	86400840	rs1728400	6E-6
20	58367256	rs707557	6E-6
21	29805194	rs458685	6E-6
2	144845739	rs11690035	6E-6
2	178239571	rs34479159	6E-6
2	64268493	rs1529102	6E-6
2	67879434	rs13416342	6E-6
3	18422242	rs141634179	6E-6
3	49129027	rs61729152	6E-6
3	86154659	rs9833726	6E-6
4	187239569	chr4:187239569	6E-6
4	85740190	rs71599425	6E-6
5	124400713	rs6878727	6E-6
5	154976135	rs6890610	6E-6
5	57890836	rs35100619	6E-6
6	84379128	rs7768862	6E-6
6	85210757	rs6934651	6E-6
6	99643666	rs377527229	6E-6
7	112002591	rs61159171	6E-6
7	98065546	rs847577	6E-6
9	8211949	rs1416584	6E-6
9	85664713	rs77674461	6E-6
10	104612026	rs1855581	7E-6
10	13625731	rs7089227	7E-6
10	51462991	chr10:51462991	7E-6
11	123095918	rs7121616	7E-6
1	119254406	rs185028854	7E-6
1	155928969	rs11406084	7E-6
12	19774866	rs2731620	7E-6
12	59581708	chr12:59581708	7E-6
12	66420686	rs7397861	7E-6
12	78820565	chr12:78820565	7E-6
13	29543880	rs9578106	7E-6
17	68557338	rs11655740	7E-6
18	65231430	rs637644	7E-6
18	8716323	rs2111836	7E-6
19	2226677	rs3815308	7E-6
20	778672	rs6117615	7E-6
2	111433700	rs200484318	7E-6
21	16396204	rs2823779	7E-6
2	160772472	rs146071273	7E-6
22	19774906	rs34331122	7E-6
4	179462158	rs2716816	7E-6
4	57013626	rs4865169	7E-6
5	143376439	rs2963155	7E-6
5	174280232	rs6878584	7E-6
5	73943871	rs157554	7E-6
6	67596834	chr6:67596834	7E-6
6	80636316	rs1902066	7E-6
7	100437651	rs117911427	7E-6
7	34103644	rs1420338	7E-6
8	30372068	rs7834448	7E-6
1	104145286	chr1:104145286	8E-6
11	101582777	rs77679196	8E-6
1	114128347	rs2774307	8E-6
11	2369831	rs800132	8E-6
11	66843174	rs7570	8E-6
1	230289344	rs16851421	8E-6
13	24412252	rs201073821	8E-6
13	28590646	rs9579199	8E-6
14	103585480	rs60226654	8E-6
15	74300521	rs12904134	8E-6
16	83292454	rs11644424	8E-6
17	35565049	rs2840044	8E-6
17	58163947	rs16942732	8E-6
17	61319088	rs10853029	8E-6
17	9186907	rs3785982	8E-6
2	189205442	rs73034872	8E-6
2	6178372	chr2:6178372	8E-6
3	116704634	chr3:116704634	8E-6
3	138949667	rs142253798	8E-6
3	48542329	rs13079292	8E-6
4	188634793	rs7698718	8E-6
5	117038818	rs113883744	8E-6
5	149053986	rs250677	8E-6
5	43545632	rs191057893	8E-6
5	7290571	rs57380813	8E-6
6	160665585	rs72314471	8E-6
6	30793795	rs3129984	8E-6
7	69359109	rs2271032	8E-6
10	6195193	rs11257188	9E-6
11	18642694	rs10832963	9E-6
12	112200150	chr12:112200150	9E-6
14	26201719	rs1546939	9E-6
1	55647101	rs10443215	9E-6
1	64370963	rs1514964	9E-6
17	7298013	rs57275132	9E-6
17	74776908	rs62084913	9E-6
18	63509033	rs2032224	9E-6
20	11399194	rs1154723	9E-6
2	18106253	rs12467348	9E-6
2	25886882	rs144079028	9E-6
4	103450498	rs10016947	9E-6
4	132819226	rs151170584	9E-6
4	143318885	rs34853779	9E-6
4	145775911	rs6818581	9E-6
5	67215707	rs1697139	9E-6
8	117178381	rs16889471	9E-6
8	50831133	rs79108280	9E-6
